{
  "camera_angle_x": 1.0746996474215667,
  "camera_angle_y": 0.8405037339473822,
  "fl_x": 3061.2609585047735,
  "fl_y": 3061.2609585047735,
  "k1": 0.007838917621877954,
  "k2": 0,
  "p1": 0,
  "p2": 0,
  "cx": 1824.0,
  "cy": 1368.0,
  "w": 3648.0,
  "h": 2736.0,
  "aabb_scale": 16,
  "frames": [
    {
      "file_path": "./..\\mouse\\train/IMG_20250622_173324.jpg",
      "sharpness": 3.700089911473862,
      "transform_matrix": [
        [
          -0.08704217150768723,
          -0.6526481172813143,
          0.7526447338441553,
          3.4288496738199807
        ],
        [
          0.995168583734337,
          -0.02251748195484628,
          0.09556386845763917,
          0.40969410788589694
        ],
        [
          -0.045421914616251564,
          0.7573264804630226,
          0.6514548730779621,
          3.1034931209047483
        ],
        [
          0.0,
          0.0,
          0.0,
          1.0
        ]
      ]
    },
    {
      "file_path": "./..\\mouse\\train/IMG_20250622_173327.jpg",
      "sharpness": 3.7765334042456344,
      "transform_matrix": [
        [
          -0.07804072650051574,
          -0.5027644510035082,
          0.8608934613582392,
          4.0189156002191915
        ],
        [
          0.9955919725340664,
          0.005757154275664927,
          0.09361345736780895,
          0.4695819925008381
        ],
        [
          -0.05202181497201734,
          0.8644042815585384,
          0.5000989589923412,
          2.3428857135022247
        ],
        [
          0.0,
          0.0,
          0.0,
          1.0
        ]
      ]
    },
    {
      "file_path": "./..\\mouse\\train/IMG_20250622_173329.jpg",
      "sharpness": 3.859732377801465,
      "transform_matrix": [
        [
          -0.07080141412953792,
          -0.39231901572956074,
          0.9171002942149804,
          4.186961164684573
        ],
        [
          0.9962191450818989,
          0.018592490771261936,
          0.08486303234738037,
          0.5203934125918301
        ],
        [
          -0.05034456007886378,
          0.9196412937547209,
          0.38951933981067943,
          1.6099426575598077
        ],
        [
          0.0,
          0.0,
          0.0,
          1.0
        ]
      ]
    },
    {
      "file_path": "./..\\mouse\\train/IMG_20250622_173333.jpg",
      "sharpness": 4.062603096311402,
      "transform_matrix": [
        [
          -0.06788176746067263,
          -0.17328609485212326,
          0.9825293863148692,
          4.451201706835747
        ],
        [
          0.996189689694029,
          0.04227557206733937,
          0.0762815715207499,
          0.38107401812906905
        ],
        [
          -0.054755527517446674,
          0.9839637723677802,
          0.1697560805066848,
          0.44044595726165575
        ],
        [
          0.0,
          0.0,
          0.0,
          1.0
        ]
      ]
    },
    {
      "file_path": "./..\\mouse\\train/IMG_20250622_173336.jpg",
      "sharpness": 4.219158679250472,
      "transform_matrix": [
        [
          -0.061308702120390496,
          -0.06720371878883717,
          0.9958538563565547,
          4.572260092025594
        ],
        [
          0.9954038674112435,
          0.0694235882594995,
          0.06596594678996885,
          0.32897358716103414
        ],
        [
          -0.07356890502804467,
          0.9953210665755511,
          0.06263857149409598,
          0.10069341286763041
        ],
        [
          0.0,
          0.0,
          0.0,
          1.0
        ]
      ]
    },
    {
      "file_path": "./..\\mouse\\train/IMG_20250622_173338.jpg",
      "sharpness": 4.358088819086921,
      "transform_matrix": [
        [
          -0.05586502228562667,
          0.006303816377115971,
          0.998418429907555,
          4.691117937238076
        ],
        [
          0.9954011051511108,
          0.0782904341693851,
          0.05520188204670524,
          0.29536376006505066
        ],
        [
          -0.07781862983208464,
          0.9969106629039647,
          -0.010648522638074889,
          -0.20229253363020325
        ],
        [
          0.0,
          0.0,
          0.0,
          1.0
        ]
      ]
    },
    {
      "file_path": "./..\\mouse\\train/IMG_20250622_173340.jpg",
      "sharpness": 4.540931062577922,
      "transform_matrix": [
        [
          -0.05761244202595172,
          0.08143721498843187,
          0.99501195296021,
          4.7159119298500585
        ],
        [
          0.9952147604342905,
          0.08347288215691889,
          0.05079230806053817,
          0.27573041488852895
        ],
        [
          -0.07892013138288866,
          0.9931768512980531,
          -0.08585659498915252,
          -0.45418580585903445
        ],
        [
          0.0,
          0.0,
          0.0,
          1.0
        ]
      ]
    },
    {
      "file_path": "./..\\mouse\\train/IMG_20250622_173344.jpg",
      "sharpness": 4.400965519355182,
      "transform_matrix": [
        [
          -0.04484604283588408,
          0.0921111596146785,
          0.994738340827053,
          4.537090743459471
        ],
        [
          0.9963575929481844,
          0.07641631392684793,
          0.03784301706148263,
          0.12467479515612699
        ],
        [
          -0.07252847314286073,
          0.9928122084438915,
          -0.09520262256507077,
          -0.7712974285701464
        ],
        [
          0.0,
          0.0,
          0.0,
          1.0
        ]
      ]
    },
    {
      "file_path": "./..\\mouse\\train/IMG_20250622_173347.jpg",
      "sharpness": 4.507918702547531,
      "transform_matrix": [
        [
          -0.049864391071772256,
          0.14370421389224783,
          0.9883636180109068,
          4.375834192189396
        ],
        [
          0.996084921353431,
          0.07948158871282171,
          0.03869762922966644,
          0.07512208966313433
        ],
        [
          -0.07299569819751643,
          0.986423730432445,
          -0.1471049016155981,
          -1.002105922182885
        ],
        [
          0.0,
          0.0,
          0.0,
          1.0
        ]
      ]
    },
    {
      "file_path": "./..\\mouse\\train/IMG_20250622_173350.jpg",
      "sharpness": 4.44462558887133,
      "transform_matrix": [
        [
          -0.040715818572493685,
          0.1788797757140857,
          0.9830281013040307,
          4.24294928188491
        ],
        [
          0.9963960342509426,
          0.08053971950129453,
          0.026613840602765195,
          0.02268904129072803
        ],
        [
          -0.07441212970300373,
          0.9805689060020693,
          -0.1815143397363072,
          -1.188908918377346
        ],
        [
          0.0,
          0.0,
          0.0,
          1.0
        ]
      ]
    },
    {
      "file_path": "./..\\mouse\\train/IMG_20250622_173359.jpg",
      "sharpness": 4.678447935556069,
      "transform_matrix": [
        [
          0.04842008641707264,
          0.28574794828070504,
          0.9570807725995167,
          3.9636342063260113
        ],
        [
          0.9973197975328051,
          0.03878965979697714,
          -0.06203695464754217,
          -0.17879117781777554
        ],
        [
          -0.05485177007548161,
          0.9575194370565768,
          -0.2831038872452686,
          -1.4055958304268719
        ],
        [
          0.0,
          0.0,
          0.0,
          1.0
        ]
      ]
    },
    {
      "file_path": "./..\\mouse\\train/IMG_20250622_173408.jpg",
      "sharpness": 4.472749427707532,
      "transform_matrix": [
        [
          0.03537987727389464,
          0.28917718829289224,
          0.9566215647005133,
          3.4908316085237776
        ],
        [
          0.9977716670417637,
          0.04396116195186405,
          -0.05019080282804318,
          -0.3735627735469889
        ],
        [
          -0.05656823077242133,
          0.9562656377836661,
          -0.2869774647187743,
          -1.0751386346390055
        ],
        [
          0.0,
          0.0,
          0.0,
          1.0
        ]
      ]
    },
    {
      "file_path": "./..\\mouse\\train/IMG_20250622_173424.jpg",
      "sharpness": 4.177922332753402,
      "transform_matrix": [
        [
          -0.05065236507212275,
          -0.22075609273766778,
          0.9740128774440078,
          4.565890175814442
        ],
        [
          0.9958235649593582,
          0.06301156492883124,
          0.06606792078487264,
          0.2802596069935011
        ],
        [
          -0.07595897171635109,
          0.9732914723757657,
          0.21664243446598228,
          0.6772840920586393
        ],
        [
          0.0,
          0.0,
          0.0,
          1.0
        ]
      ]
    },
    {
      "file_path": "./..\\mouse\\train/IMG_20250622_173427.jpg",
      "sharpness": 3.9978311627334344,
      "transform_matrix": [
        [
          -0.02973059394247965,
          -0.08376460708772845,
          0.9960419581414345,
          4.389166887178299
        ],
        [
          0.9977096428924045,
          0.058084401544561994,
          0.03466512334757632,
          0.13799679640881216
        ],
        [
          -0.06075821148877627,
          0.9947912810693548,
          0.08184587246780693,
          0.22618771499904777
        ],
        [
          0.0,
          0.0,
          0.0,
          1.0
        ]
      ]
    },
    {
      "file_path": "./..\\mouse\\train/IMG_20250622_173432.jpg",
      "sharpness": 3.8514592014257394,
      "transform_matrix": [
        [
          -0.034752498339129134,
          0.025099224875492352,
          0.9990807238480759,
          4.1321788140765054
        ],
        [
          0.9972646219717615,
          0.06612424880320415,
          0.03302813170182511,
          0.08502514752786439
        ],
        [
          -0.06523448185341399,
          0.9974956704797376,
          -0.02732855185395152,
          -0.16669314418858963
        ],
        [
          0.0,
          0.0,
          0.0,
          1.0
        ]
      ]
    },
    {
      "file_path": "./..\\mouse\\train/IMG_20250622_173450.jpg",
      "sharpness": 3.7010810015840145,
      "transform_matrix": [
        [
          -0.27136568503278,
          -0.21166261183079774,
          0.9389140555634538,
          4.1017991939226075
        ],
        [
          0.9616403292046898,
          -0.10027557906363864,
          0.255328583379397,
          1.0251933494832215
        ],
        [
          0.04010663577947388,
          0.9721850374241493,
          0.23075465492595593,
          0.9815819303155106
        ],
        [
          0.0,
          0.0,
          0.0,
          1.0
        ]
      ]
    },
    {
      "file_path": "./..\\mouse\\train/IMG_20250622_173455.jpg",
      "sharpness": 3.7498831770951635,
      "transform_matrix": [
        [
          -0.2578343337472697,
          -0.5571108716664352,
          0.7893978293656017,
          3.4676648359945665
        ],
        [
          0.9658641076617154,
          -0.16980961527671115,
          0.19563031485533008,
          0.9011094620642387
        ],
        [
          0.02505956647141156,
          0.8128912419417943,
          0.581876143949493,
          2.390698861947083
        ],
        [
          0.0,
          0.0,
          0.0,
          1.0
        ]
      ]
    },
    {
      "file_path": "./..\\mouse\\train/IMG_20250622_173459.jpg",
      "sharpness": 3.584560573727017,
      "transform_matrix": [
        [
          -0.2783179346575693,
          -0.18406949184555854,
          0.9426863473152776,
          3.897706383459015
        ],
        [
          0.9602574705652356,
          -0.07487326208865515,
          0.26888582121012095,
          1.0038423378273755
        ],
        [
          0.021088325475311028,
          0.980057353827255,
          0.1975926763134338,
          0.7734350868609478
        ],
        [
          0.0,
          0.0,
          0.0,
          1.0
        ]
      ]
    },
    {
      "file_path": "./..\\mouse\\train/IMG_20250622_173502.jpg",
      "sharpness": 3.7310098809736623,
      "transform_matrix": [
        [
          -0.2706907357623009,
          -0.057416935344420966,
          0.9609525592364464,
          3.9437395194583846
        ],
        [
          0.9617643531919958,
          -0.05933217020012781,
          0.26737431160922476,
          1.0302744876153571
        ],
        [
          0.041663587236439294,
          0.9965856657156738,
          0.07128223048964044,
          0.23865729973866046
        ],
        [
          0.0,
          0.0,
          0.0,
          1.0
        ]
      ]
    },
    {
      "file_path": "./..\\mouse\\train/IMG_20250622_173505.jpg",
      "sharpness": 3.9215871507477074,
      "transform_matrix": [
        [
          -0.28534484201605265,
          0.011405043730560116,
          0.9583570556464304,
          3.865173692659838
        ],
        [
          0.9569866155603135,
          -0.051370020554064456,
          0.28554813714446364,
          1.095072367792926
        ],
        [
          0.05248751063800238,
          0.9986145632628897,
          0.0037436961993349165,
          -0.1482551570027817
        ],
        [
          0.0,
          0.0,
          0.0,
          1.0
        ]
      ]
    },
    {
      "file_path": "./..\\mouse\\train/IMG_20250622_173509.jpg",
      "sharpness": 3.9508362320686365,
      "transform_matrix": [
        [
          -0.2708244129945572,
          0.07758821371196443,
          0.9594968506535587,
          3.785673911974983
        ],
        [
          0.9617251057071159,
          -0.02137074032079724,
          0.27318146443483243,
          1.0517428129966118
        ],
        [
          0.04170081987865713,
          0.9967564198669954,
          -0.06883081483112617,
          -0.2847782992610766
        ],
        [
          0.0,
          0.0,
          0.0,
          1.0
        ]
      ]
    },
    {
      "file_path": "./..\\mouse\\train/IMG_20250622_173514.jpg",
      "sharpness": 4.212133780761173,
      "transform_matrix": [
        [
          -0.23991533583242092,
          0.14560462635979168,
          0.9598124423083916,
          3.870329170166548
        ],
        [
          0.9702203975151257,
          0.0019856915182986205,
          0.24221568337902333,
          1.0029400697086623
        ],
        [
          0.033361832651035025,
          0.9893408663381691,
          -0.14174497631431054,
          -0.5756398759723267
        ],
        [
          0.0,
          0.0,
          0.0,
          1.0
        ]
      ]
    },
    {
      "file_path": "./..\\mouse\\train/IMG_20250622_173517.jpg",
      "sharpness": 4.337017658758581,
      "transform_matrix": [
        [
          -0.28853255755752916,
          0.19253824830399274,
          0.937911502309412,
          3.858787463738782
        ],
        [
          0.9559508351143227,
          0.0027682350787665553,
          0.29351377773242515,
          1.056765495538669
        ],
        [
          0.053916269096217016,
          0.9812855648635203,
          -0.1848558252048475,
          -0.8766492333869864
        ],
        [
          0.0,
          0.0,
          0.0,
          1.0
        ]
      ]
    },
    {
      "file_path": "./..\\mouse\\train/IMG_20250622_173520.jpg",
      "sharpness": 4.32694134226502,
      "transform_matrix": [
        [
          -0.3058125799809086,
          0.2279557662422691,
          0.9243997157925123,
          3.8488609907843965
        ],
        [
          0.9504032982904053,
          0.01529262622843989,
          0.31064401842259526,
          1.1395362583041326
        ],
        [
          0.05667659590880928,
          0.9735513875573678,
          -0.221326589582572,
          -1.0468107640500668
        ],
        [
          0.0,
          0.0,
          0.0,
          1.0
        ]
      ]
    },
    {
      "file_path": "./..\\mouse\\train/IMG_20250622_173530.jpg",
      "sharpness": 3.1807615480473572,
      "transform_matrix": [
        [
          -0.4776175569159377,
          -0.27384042974519296,
          0.8348011070653754,
          3.159678604671049
        ],
        [
          0.8290334970911752,
          -0.4550172729269965,
          0.3250580594891279,
          0.9985952064700337
        ],
        [
          0.29083488447068334,
          0.8473315173950254,
          0.4443471273665521,
          1.597126092443317
        ],
        [
          0.0,
          0.0,
          0.0,
          1.0
        ]
      ]
    },
    {
      "file_path": "./..\\mouse\\train/IMG_20250622_173536.jpg",
      "sharpness": 3.5656346779505683,
      "transform_matrix": [
        [
          -0.47541088951566457,
          -0.10734990014953633,
          0.8731898333482624,
          3.405462647143387
        ],
        [
          0.838372483830918,
          -0.3561380592546281,
          0.41267088715525585,
          1.4002208976133244
        ],
        [
          0.26667595407878497,
          0.9282465629797866,
          0.25931111396799317,
          1.0806891089106359
        ],
        [
          0.0,
          0.0,
          0.0,
          1.0
        ]
      ]
    },
    {
      "file_path": "./..\\mouse\\train/IMG_20250622_173538.jpg",
      "sharpness": 3.6121587090407914,
      "transform_matrix": [
        [
          -0.46024184454106,
          -0.04191699480567659,
          0.8868034788355654,
          3.198137513852798
        ],
        [
          0.8463022983878371,
          -0.32251405980767867,
          0.423977712822048,
          1.4198084904857435
        ],
        [
          0.2682347186247465,
          0.9456361069503878,
          0.183908914821867,
          0.751373045252689
        ],
        [
          0.0,
          0.0,
          0.0,
          1.0
        ]
      ]
    },
    {
      "file_path": "./..\\mouse\\train/IMG_20250622_173541.jpg",
      "sharpness": 3.7225199894569827,
      "transform_matrix": [
        [
          -0.46255524117864794,
          0.013205023601748408,
          0.8864921185237901,
          3.019170638224808
        ],
        [
          0.8511219309177065,
          -0.27337417896770183,
          0.4481718609915527,
          1.561204497419716
        ],
        [
          0.24826217506481252,
          0.9618171269117275,
          0.11521157409868632,
          0.5604485382626216
        ],
        [
          0.0,
          0.0,
          0.0,
          1.0
        ]
      ]
    },
    {
      "file_path": "./..\\mouse\\train/IMG_20250622_173544.jpg",
      "sharpness": 3.3676212271418806,
      "transform_matrix": [
        [
          -0.48140162245348994,
          0.08275769507509356,
          0.8725844611268084,
          3.0142546746389867
        ],
        [
          0.8397584138146248,
          -0.24166864568998073,
          0.48621196212958195,
          1.5795889665698033
        ],
        [
          0.2511140862744202,
          0.9668233704206131,
          0.04684320738407953,
          0.4195814567546151
        ],
        [
          0.0,
          0.0,
          0.0,
          1.0
        ]
      ]
    },
    {
      "file_path": "./..\\mouse\\train/IMG_20250622_173549.jpg",
      "sharpness": 3.351512604576509,
      "transform_matrix": [
        [
          -0.47588467070748885,
          0.08808806913528122,
          0.8750852942751354,
          3.158190036651468
        ],
        [
          0.8429219296640015,
          -0.23830655090275663,
          0.4823822221934907,
          1.6850150790171672
        ],
        [
          0.25103067676264196,
          0.9671868898346835,
          0.03915506928790863,
          0.3085921449943201
        ],
        [
          0.0,
          0.0,
          0.0,
          1.0
        ]
      ]
    },
    {
      "file_path": "./..\\mouse\\train/IMG_20250622_173551.jpg",
      "sharpness": 3.3767658664364584,
      "transform_matrix": [
        [
          -0.49499195233335,
          0.16300272853150288,
          0.8534711931936899,
          3.0697755738229566
        ],
        [
          0.834533824948249,
          -0.18431769037652784,
          0.5192112133144751,
          1.854538343388964
        ],
        [
          0.24194268358677187,
          0.9692559514909757,
          -0.04479551710934465,
          0.0068810993780964325
        ],
        [
          0.0,
          0.0,
          0.0,
          1.0
        ]
      ]
    },
    {
      "file_path": "./..\\mouse\\train/IMG_20250622_173558.jpg",
      "sharpness": 3.758383187242833,
      "transform_matrix": [
        [
          -0.553581245992707,
          0.2556727266987338,
          0.7925776056024759,
          2.9837146537967096
        ],
        [
          0.8002588197816756,
          -0.10010817904672259,
          0.5912395232471954,
          2.0686482349183617
        ],
        [
          0.23050732189074513,
          0.9615663312041401,
          -0.14918634402754588,
          -0.6201364742872553
        ],
        [
          0.0,
          0.0,
          0.0,
          1.0
        ]
      ]
    },
    {
      "file_path": "./..\\mouse\\train/IMG_20250622_173604.jpg",
      "sharpness": 3.662924026147547,
      "transform_matrix": [
        [
          -0.5850160853627033,
          0.2565498855058598,
          0.769375289510123,
          2.796919516472207
        ],
        [
          0.7858028286522879,
          -0.05542454934136215,
          0.6159886637044159,
          1.997963564924903
        ],
        [
          0.20067409984175397,
          0.9649405554603879,
          -0.16917337283224942,
          -0.6139715825051217
        ],
        [
          0.0,
          0.0,
          0.0,
          1.0
        ]
      ]
    },
    {
      "file_path": "./..\\mouse\\train/IMG_20250622_173611.jpg",
      "sharpness": 4.218833459082737,
      "transform_matrix": [
        [
          -0.6718993078536192,
          -0.04925318862038474,
          0.7390030064292766,
          3.064813603832575
        ],
        [
          0.34914334175430134,
          -0.9010273069514694,
          0.2573882651489831,
          1.07787921756107
        ],
        [
          0.6531846959399538,
          0.4309569764344387,
          0.6225960467648789,
          2.4413302784216233
        ],
        [
          0.0,
          0.0,
          0.0,
          1.0
        ]
      ]
    },
    {
      "file_path": "./..\\mouse\\train/IMG_20250622_173614.jpg",
      "sharpness": 4.132276277078026,
      "transform_matrix": [
        [
          -0.6603106384074877,
          0.0034930259187551343,
          0.750984460272504,
          3.0811345991885206
        ],
        [
          0.4299696137271293,
          -0.818112946459371,
          0.38186036467129103,
          1.5779404392583682
        ],
        [
          0.6157239576898806,
          0.5750469594770615,
          0.5387067869609923,
          2.189480249696136
        ],
        [
          0.0,
          0.0,
          0.0,
          1.0
        ]
      ]
    },
    {
      "file_path": "./..\\mouse\\train/IMG_20250622_173619.jpg",
      "sharpness": 3.7782154122264426,
      "transform_matrix": [
        [
          -0.6597932265450646,
          0.05785547475763976,
          0.7492166857730669,
          3.146407160885162
        ],
        [
          0.46046043185069213,
          -0.7567918096207075,
          0.46394218130158266,
          1.983404486051003
        ],
        [
          0.5938426465835261,
          0.6510905474121375,
          0.4726859530006954,
          1.8205265077930026
        ],
        [
          0.0,
          0.0,
          0.0,
          1.0
        ]
      ]
    },
    {
      "file_path": "./..\\mouse\\train/IMG_20250622_173622.jpg",
      "sharpness": 3.765218323606887,
      "transform_matrix": [
        [
          -0.6643828452688213,
          0.1270466119013928,
          0.7365151684193879,
          3.0196112262558494
        ],
        [
          0.47802090333784286,
          -0.6853005902245328,
          0.5494170701843559,
          2.364594320214698
        ],
        [
          0.5745358569148399,
          0.7170929224582016,
          0.39457101981066167,
          1.5535546420527826
        ],
        [
          0.0,
          0.0,
          0.0,
          1.0
        ]
      ]
    },
    {
      "file_path": "./..\\mouse\\train/IMG_20250622_173625.jpg",
      "sharpness": 3.944709349054304,
      "transform_matrix": [
        [
          -0.6527962110314801,
          0.15793006825942346,
          0.7408881159780297,
          2.9534334660922252
        ],
        [
          0.5422549378763112,
          -0.5855262369119678,
          0.6025932361356622,
          2.5266599989151755
        ],
        [
          0.528977021436985,
          0.795120820645522,
          0.29659094956283805,
          1.10323789436797
        ],
        [
          0.0,
          0.0,
          0.0,
          1.0
        ]
      ]
    },
    {
      "file_path": "./..\\mouse\\train/IMG_20250622_173630.jpg",
      "sharpness": 3.5802681867607995,
      "transform_matrix": [
        [
          -0.6807083603457021,
          0.23651017054644702,
          0.693324647894847,
          2.8175558745315357
        ],
        [
          0.54103935485892,
          -0.47576259569126117,
          0.6934885500388159,
          2.6183473608959975
        ],
        [
          0.4938750293808705,
          0.8471793740202569,
          0.19589426633679066,
          0.75501994895076
        ],
        [
          0.0,
          0.0,
          0.0,
          1.0
        ]
      ]
    },
    {
      "file_path": "./..\\mouse\\train/IMG_20250622_173633.jpg",
      "sharpness": 3.5369144016384864,
      "transform_matrix": [
        [
          -0.6749344859580392,
          0.23884566707857602,
          0.6981519798563236,
          2.8808003262883175
        ],
        [
          0.5735231620126944,
          -0.425496128823094,
          0.7000173047800342,
          2.766432923869665
        ],
        [
          0.46425706488577856,
          0.8728721508160662,
          0.1501984887684145,
          0.5540989016085247
        ],
        [
          0.0,
          0.0,
          0.0,
          1.0
        ]
      ]
    },
    {
      "file_path": "./..\\mouse\\train/IMG_20250622_173636.jpg",
      "sharpness": 3.641525015260638,
      "transform_matrix": [
        [
          -0.6660825244070829,
          0.25854760682756867,
          0.6996336224612006,
          2.781460825077693
        ],
        [
          0.5950036637835187,
          -0.3814529906054261,
          0.707434983614995,
          2.6480311639393683
        ],
        [
          0.44978295961568976,
          0.8874946484107086,
          0.10024239760022949,
          0.42281175150300243
        ],
        [
          0.0,
          0.0,
          0.0,
          1.0
        ]
      ]
    },
    {
      "file_path": "./..\\mouse\\train/IMG_20250622_173642.jpg",
      "sharpness": 3.2414145235377223,
      "transform_matrix": [
        [
          -0.6445242984750942,
          0.2230005474723168,
          0.7313406760854969,
          2.753676886981032
        ],
        [
          0.6601084459786188,
          -0.32035831799396264,
          0.6794316651729989,
          2.730661557702515
        ],
        [
          0.3858047021749237,
          0.9206743745291421,
          0.05927417532138768,
          0.3136113798497896
        ],
        [
          0.0,
          0.0,
          0.0,
          1.0
        ]
      ]
    },
    {
      "file_path": "./..\\mouse\\train/IMG_20250622_173644.jpg",
      "sharpness": 3.646947657609752,
      "transform_matrix": [
        [
          -0.6574681958063407,
          0.27270296390392124,
          0.7024020678899864,
          2.6427564041878613
        ],
        [
          0.6468010548665281,
          -0.27391751658082364,
          0.7117707422574509,
          2.7214703210149147
        ],
        [
          0.3865022211113609,
          0.9222810241914201,
          0.003707490707862818,
          0.07655787656176158
        ],
        [
          0.0,
          0.0,
          0.0,
          1.0
        ]
      ]
    },
    {
      "file_path": "./..\\mouse\\train/IMG_20250622_173648.jpg",
      "sharpness": 3.740935509991437,
      "transform_matrix": [
        [
          -0.6665955897393598,
          0.30812631263787776,
          0.6787551069385607,
          2.587867307332632
        ],
        [
          0.6473912776125785,
          -0.21206303573017518,
          0.7320613379683683,
          2.786632495556402
        ],
        [
          0.3695062291876953,
          0.9274089951754267,
          -0.05811800284021333,
          -0.11903239652291522
        ],
        [
          0.0,
          0.0,
          0.0,
          1.0
        ]
      ]
    },
    {
      "file_path": "./..\\mouse\\train/IMG_20250622_173651.jpg",
      "sharpness": 3.700007753997313,
      "transform_matrix": [
        [
          -0.6791726489787188,
          0.3166750351746371,
          0.6621491032776,
          2.4993534505473414
        ],
        [
          0.6394454630970964,
          -0.18758894665792522,
          0.7456003532833737,
          2.8676665228240115
        ],
        [
          0.360324870916569,
          0.9297996070036095,
          -0.07509113269774441,
          -0.30746655906248793
        ],
        [
          0.0,
          0.0,
          0.0,
          1.0
        ]
      ]
    },
    {
      "file_path": "./..\\mouse\\train/IMG_20250622_173658.jpg",
      "sharpness": 3.815464853691125,
      "transform_matrix": [
        [
          -0.68296669284026,
          0.3759865424011851,
          0.6262512406366927,
          2.323532033345108
        ],
        [
          0.6309123551067279,
          -0.12842250281145956,
          0.7651517894805608,
          2.8375234908539073
        ],
        [
          0.36811152745022124,
          0.9176828323009515,
          -0.14950626292335564,
          -0.5305254325294795
        ],
        [
          0.0,
          0.0,
          0.0,
          1.0
        ]
      ]
    },
    {
      "file_path": "./..\\mouse\\train/IMG_20250622_173700.jpg",
      "sharpness": 3.76062165598702,
      "transform_matrix": [
        [
          -0.6625067285172397,
          0.38943243095316166,
          0.6398649985631752,
          2.3344913564188654
        ],
        [
          0.6523807399967598,
          -0.11978113093914433,
          0.7483661207939611,
          2.718170365930127
        ],
        [
          0.3680817908400508,
          0.9132331916810147,
          -0.17470241228737277,
          -0.6384086287400825
        ],
        [
          0.0,
          0.0,
          0.0,
          1.0
        ]
      ]
    },
    {
      "file_path": "./..\\mouse\\train/IMG_20250622_174141.jpg",
      "sharpness": 3.291096479027575,
      "transform_matrix": [
        [
          0.4248452484531,
          -0.528483606195199,
          0.7349908794296013,
          2.9499646376899356
        ],
        [
          0.7689302350973746,
          0.6391541012896336,
          0.015110537969218333,
          0.25285268950456186
        ],
        [
          -0.47775810659542606,
          0.5587370694564368,
          0.6779086065189948,
          2.825783465525627
        ],
        [
          0.0,
          0.0,
          0.0,
          1.0
        ]
      ]
    },
    {
      "file_path": "./..\\mouse\\train/IMG_20250622_174143.jpg",
      "sharpness": 3.4770123577994725,
      "transform_matrix": [
        [
          0.4399930450882733,
          -0.43412200003540447,
          0.7860942751058336,
          3.0282870999854716
        ],
        [
          0.7646757357044792,
          0.640092928486093,
          -0.07451216093291621,
          -0.06543874281294686
        ],
        [
          -0.4708260182874881,
          0.6338920507346139,
          0.6135989965066394,
          2.488847342608088
        ],
        [
          0.0,
          0.0,
          0.0,
          1.0
        ]
      ]
    },
    {
      "file_path": "./..\\mouse\\train/IMG_20250622_174144.jpg",
      "sharpness": 3.458249773258648,
      "transform_matrix": [
        [
          0.4415393958090498,
          -0.3764017268012198,
          0.8144720388107846,
          3.1898323417052508
        ],
        [
          0.7578466953797599,
          0.6424028263312546,
          -0.1139604976453477,
          -0.2172515555460003
        ],
        [
          -0.480324211598992,
          0.667562992368394,
          0.5689009605958679,
          2.3430195827080555
        ],
        [
          0.0,
          0.0,
          0.0,
          1.0
        ]
      ]
    },
    {
      "file_path": "./..\\mouse\\train/IMG_20250622_174144_1.jpg",
      "sharpness": 3.452182903231837,
      "transform_matrix": [
        [
          0.442037593151516,
          -0.3669401085279648,
          0.8185094519852886,
          3.131032631067859
        ],
        [
          0.759059307265341,
          0.6392262263640248,
          -0.12336449887326258,
          -0.3371734554755003
        ],
        [
          -0.4779453256307889,
          0.6758289637763667,
          0.5610913271683856,
          2.2961365501283857
        ],
        [
          0.0,
          0.0,
          0.0,
          1.0
        ]
      ]
    },
    {
      "file_path": "./..\\mouse\\train/IMG_20250622_174145.jpg",
      "sharpness": 3.4309026173943047,
      "transform_matrix": [
        [
          0.4519812517276021,
          -0.3005380537795224,
          0.8398748872969855,
          3.107885349222558
        ],
        [
          0.7537539725992268,
          0.6321911306255804,
          -0.17941383210114056,
          -0.4298162458303541
        ],
        [
          -0.47704077066351025,
          0.71415072119675,
          0.5122702905047932,
          2.074180565447759
        ],
        [
          0.0,
          0.0,
          0.0,
          1.0
        ]
      ]
    },
    {
      "file_path": "./..\\mouse\\train/IMG_20250622_174147.jpg",
      "sharpness": 3.5980699389502857,
      "transform_matrix": [
        [
          0.4377978991571763,
          -0.11469804280283695,
          0.8917271771487727,
          3.2633819265070407
        ],
        [
          0.7612380232652217,
          0.5750251141987037,
          -0.2997712294000332,
          -0.937794713056072
        ],
        [
          -0.4783823485732767,
          0.8100558480837063,
          0.3390572983344295,
          1.4040013686814021
        ],
        [
          0.0,
          0.0,
          0.0,
          1.0
        ]
      ]
    },
    {
      "file_path": "./..\\mouse\\train/IMG_20250622_174147_1.jpg",
      "sharpness": 3.735744912696286,
      "transform_matrix": [
        [
          0.43718351306001313,
          -0.11385755599833018,
          0.8921362187724191,
          3.2642059264723757
        ],
        [
          0.761763191260916,
          0.5742026478082413,
          -0.30001359917505743,
          -0.9376842326534949
        ],
        [
          -0.47810816385642074,
          0.8107575323046549,
          0.3377644259836248,
          1.3915871085976494
        ],
        [
          0.0,
          0.0,
          0.0,
          1.0
        ]
      ]
    },
    {
      "file_path": "./..\\mouse\\train/IMG_20250622_174147_2.jpg",
      "sharpness": 3.9933223643656195,
      "transform_matrix": [
        [
          0.43317678607239124,
          -0.0953048404508197,
          0.8962560233491292,
          3.287632614704759
        ],
        [
          0.7708751730118724,
          0.5544302411813562,
          -0.3136217073122984,
          -0.9529513963285953
        ],
        [
          -0.4670217764083886,
          0.82675516027827,
          0.31363444534767526,
          1.3124406744955588
        ],
        [
          0.0,
          0.0,
          0.0,
          1.0
        ]
      ]
    },
    {
      "file_path": "./..\\mouse\\train/IMG_20250622_174149.jpg",
      "sharpness": 3.358796997411024,
      "transform_matrix": [
        [
          0.4034128412060602,
          -0.021605415293546683,
          0.914762966879948,
          3.299849793213115
        ],
        [
          0.7964148408433278,
          0.500531326203486,
          -0.3393991643676486,
          -1.0591544415244478
        ],
        [
          -0.45053466107781,
          0.8654487838775796,
          0.2191276377987497,
          0.9166363334571853
        ],
        [
          0.0,
          0.0,
          0.0,
          1.0
        ]
      ]
    },
    {
      "file_path": "./..\\mouse\\train/IMG_20250622_174149_1.jpg",
      "sharpness": 3.787685273338845,
      "transform_matrix": [
        [
          0.40443076181356596,
          -0.020993765095102628,
          0.9143276331386839,
          3.291150695806122
        ],
        [
          0.7975518387402574,
          0.4973792232868043,
          -0.3413575438812383,
          -1.0645821050427549
        ],
        [
          -0.44760118791049675,
          0.8672791765434817,
          0.21789907413780227,
          0.8874006577743638
        ],
        [
          0.0,
          0.0,
          0.0,
          1.0
        ]
      ]
    },
    {
      "file_path": "./..\\mouse\\train/IMG_20250622_174150.jpg",
      "sharpness": 3.195850325457934,
      "transform_matrix": [
        [
          0.40111320762733094,
          0.021436736651024836,
          0.9157776263829696,
          3.296049295017621
        ],
        [
          0.8034626004522709,
          0.47191505560411223,
          -0.36296560438783165,
          -1.1980796794605013
        ],
        [
          -0.43995004755016304,
          0.8813833709640648,
          0.17206774550615286,
          0.5505110469371527
        ],
        [
          0.0,
          0.0,
          0.0,
          1.0
        ]
      ]
    },
    {
      "file_path": "./..\\mouse\\train/IMG_20250622_174154.jpg",
      "sharpness": 3.535435783044266,
      "transform_matrix": [
        [
          0.16682089655578503,
          -0.08948039898588397,
          0.9819185539873501,
          3.7451583195770937
        ],
        [
          0.9186791061599969,
          0.37574551608266094,
          -0.12183598421166811,
          -0.5947450995253764
        ],
        [
          -0.35804956134101906,
          0.9223928476179621,
          0.1448859768289175,
          0.692867980208295
        ],
        [
          0.0,
          0.0,
          0.0,
          1.0
        ]
      ]
    },
    {
      "file_path": "./..\\mouse\\train/IMG_20250622_174158.jpg",
      "sharpness": 3.890375221323312,
      "transform_matrix": [
        [
          0.12283621748974499,
          0.07103603309824495,
          0.9898813795952696,
          3.831408516678459
        ],
        [
          0.9513510365086238,
          0.275561516793318,
          -0.13782980735862163,
          -0.6320079289848145
        ],
        [
          -0.28256409716418635,
          0.9586551686918198,
          -0.03373126930884814,
          -0.06285520727478994
        ],
        [
          0.0,
          0.0,
          0.0,
          1.0
        ]
      ]
    },
    {
      "file_path": "./..\\mouse\\train/IMG_20250622_174159.jpg",
      "sharpness": 3.808972471523371,
      "transform_matrix": [
        [
          0.14232213444401617,
          0.13506545900618147,
          0.9805619469598573,
